102673
102859
102928
102990
102961
102935
102900
102808
102716
102652
102688
102671
102639
102621
102658
102572
102485
102460
102444
102446
102467
102508
102515
102529
102555
102581
102616
102660
102725
102765
102793
102835
102920
102963
102970
102976
102986
102980
102988
102959
102953
102970
102961
102952
102984
102979
102984
102960
102956
102948
102937
102929
102943
102954
102953
102964
103006
103035
103047
103058
103078
103104
103092
103087
103103
103138
103152
103160
103173
103192
103195
103212
103245
103278
103295
103321
103327
103347
103362
103368
103402
103430
103445
103463
103487
103522
103557
103597
103652
103715
103757
103768
103780
103789
103778
103769
103785
103804
103803
103802
103811
103819
103800
103779
103784
103798
103793
103799
103804
103820
103810
103795
103797
103806
103820
103832
103869
103909
103934
103960
104007
104026
104026
104027
104049
104066
104064
104072
104102
104131
104149
104155
104175
104192
104194
104201
104204
104239
104261
104291
104340
104395
104433
104468
104520
104533
104522
104505
104501
104514
104520
104522
104553
104574
104577
104581
104594
104606
104603
104599
104615
104646
104656
104670
104697
104705
104714
104705
104690
104672
104644 -- START
104618
104627
104633
104639
104635
104640
104651
104625
104620
104626
104646
104642
104633
104644
104632
104627
104619
104639
104649
104640
104637
104625
104634
104626
104632
104642
104647 ---- END
104644,
104618,
104627,
104633,
104639,
104635,
104640,
104651,
104625,
104620,
104626,
104646,
104642,
104633,
104644,
104632,
104627,
104619,
104639,
104649,
104640,
104637,
104625,
104634,
104626,
104632,
104642,
104647,
104644
104618
104627
104633
104639
104635
104640
104651
104625
104620
104626
104646
104642
104633
104644
104632
104627
104619
104639
104649
104640
104637
104625
104634
104626
104632
104642
104647
104644
104618
104627
104633
104639
104635
104640
104651
104625
104620
104626
104646
104642
104633
104644
104632
104627
104619
104639
104649
104640
104637
104625
104634
104626
104632
104642
104647
104644
104618
104627
104633
104639
104635
104640
104651
104625
104620
104626
104646
104642
104633
104644
104632
104627
104619
104639
104649
104640
104637
104625
104634
104626
104632
104642
104647
104644
104618
104627
104633
104639
104635
104640
104651
104625
104620
104626
104646
104642
104633
104644
104632
104627
104619
104639
104649
104640
104637
104625
104634
104626
104632
104642
104647
104644
104618
104627
104633
104639
104635
104640
104651
104625
104620
104626
104646
104642
104633
104644
104632
104627
104619
104639
104649
104640
104637
104625
104634
104626
104632
104642
104647
104644
104618
104627
104633
104639
104635
104640
104651
104625
104620
104626
104646
104642
104633
104644
104632
104627
104619
104639
104649
104640
104637
104625
104634
104626
104632
104642
104647
104644
104618
104627
104633
104639
104635
104640
104651
104625
104620
104626
104646
104642
104633
104644
104632
104627
104619
104639
104649
104640
104637
104625
104634
104626
104632
104642
104647
104644
104618
104627
104633
104639
104635
104640
104651
104625
104620
104626
104646
104642
104633
104644
104632
104627
104619
104639
104649
104640
104637
104625
104634
104626
104632
104642
104647
104644
104618
104627
104633
104639
104635
104640
104651
104625
104620
104626
104646
104642
104633
104644
104632
104627
104619
104639
104649
104640
104637
104625
104634
104626
104632
104642
104647
104644
104618
104627
104633
104639
104635
104640
104651
104625
104620
104626
104646
104642
104633
104644
104632
104627
104619
104639
104649
104640
104637
104625
104634
104626
104632
104642
104647
104644
104618
104627
104633
104639
104635
104640
104651
104625
104620
104626
104646
104642
104633
104644
104632
104627
104619
104639
104649
104640
104637
104625
104634
104626
104632
104642
104647
104644
104618
104627
104633
104639
104635
104640
104651
104625
104620
104626
104646
104642
104633
104644
104632
104627
104619
104639
104649
104640
104637
104625
104634
104626
104632
104642
104647
104644
104618
104627
104633
104639
104635
104640
104651
104625
104620
104626
104646
104642
104633
104644
104632
104627
104619
104639
104649
104640
104637
104625
104634
104626
104632
104642
104647
104644
104618
104627
104633
104639
104635
104640
104651
104625
104620
104626
104646
104642
104633
104644
104632
104627
104619
104639
104649
104640
104637
104625
104634
104626
104632
104642
104647
104644
104618
104627
104633
104639
104635
104640
104651
104625
104620
104626
104646
104642
104633
104644
104632
104627
104619
104639
104649
104640
104637
104625
104634
104626
104632
104642
104647
104644
104618
104627
104633
104639
104635
104640
104651
104625
104620
104626
104646
104642
104633
104644
104632
104627
104619
104639
104649
104640
104637
104625
104634
104626
104632
104642
104647
104644
104618
104627
104633
104639
104635
104640
104651
104625
104620
104626
104646
104642
104633
104644
104632
104627
104619
104639
104649
104640
104637
104625
104634
104626
104632
104642
104647
104644
104618
104627
104633
104639
104635
104640
104651
104625
104620
104626
104646
104642
104633
104644
104632
104627
104619
104639
104649
104640
104637
104625
104634
104626
104632
104642
104647
104644
104618
104627
104633
104639
104635
104640
104651
104625
104620
104626
104646
104642
104633
104644
104632
104627
104619
104639
104649
104640
104637
104625
104634
104626
104632
104642
104647
104644
104618
104627
104633
104639
104635
104640
104651
104625
104620
104626
104646
104642
104633
104644
104632
104627
104619
104639
104649
104640
104637
104625
104634
104626
104632
104642
104647
104644
104618
104627
104633
104639
104635
104640
104651
104625
104620
104626
104646
104642
104633
104644
104632
104627
104619
104639
104649
104640
104637
104625
104634
104626
104632
104642
104647
104644
104618
104627
104633
104639
104635
104640
104651
104625
104620
104626
104646
104642
104633
104644
104632
104627
104619
104639
104649
104640
104637
104625
104634
104626
104632
104642
104647
104644
104618
104627
104633
104639
104635
104640
104651
104625
104620
104626
104646
104642
104633
104644
104632
104627
104619
104639
104649
104640
104637
104625
104634
104626
104632
104642
104647
104644
104618
104627
104633
104639
104635
104640
104651
104625
104620
104626
104646
104642
104633
104644
104632
104627
104619
104639
104649
104640
104637
104625
104634
104626
104632
104642
104647
104644
104618
104627
104633
104639
104635
104640
104651
104625
104620
104626
104646
104642
104633
104644
104632
104627
104619
104639
104649
104640
104637
104625
104634
104626
104632
104642
104647
104644
104618
104627
104633
104639
104635
104640
104651
104625
104620
104626
104646
104642
104633
104644
104632
104627
104619
104639
104649
104640
104637
104625
104634
104626
104632
104642
104647
104644
104618
104627
104633
104639
104635
104640
104651
104625
104620
104626
104646
104642
104633
104644
104632
104627
104619
104639
104649
104640
104637
104625
104634
104626
104632
104642
104647
104644
104618
104627
104633
104639
104635
104640
104651
104625
104620
104626
104646
104642
104633
104644
104632
104627
104619